iso_code,country,year,coal_prod_change_pct,coal_prod_change_twh,gas_prod_change_pct,gas_prod_change_twh,oil_prod_change_pct,oil_prod_change_twh,energy_cons_change_pct,energy_cons_change_twh,biofuel_share_elec,biofuel_elec_per_capita,biofuel_cons_change_pct,biofuel_share_energy,biofuel_cons_change_twh,biofuel_consumption,biofuel_cons_per_capita,carbon_intensity_elec,coal_share_elec,coal_cons_change_pct,coal_share_energy,coal_cons_change_twh,coal_consumption,coal_elec_per_capita,coal_cons_per_capita,coal_production,coal_prod_per_capita,electricity_demand,biofuel_electricity,coal_electricity,fossil_electricity,gas_electricity,hydro_electricity,nuclear_electricity,oil_electricity,other_renewable_exc_biofuel_electricity,other_renewable_electricity,renewables_electricity,solar_electricity,wind_electricity,electricity_generation,greenhouse_gas_emissions,energy_per_gdp,energy_per_capita,fossil_cons_change_pct,fossil_share_energy,fossil_cons_change_twh,fossil_fuel_consumption,fossil_energy_per_capita,fossil_cons_per_capita,fossil_share_elec,gdp,gas_share_elec,gas_cons_change_pct,gas_share_energy,gas_cons_change_twh,gas_consumption,gas_elec_per_capita,gas_energy_per_capita,gas_production,gas_prod_per_capita,hydro_share_elec,hydro_cons_change_pct,hydro_share_energy,hydro_cons_change_twh,hydro_consumption,hydro_elec_per_capita,hydro_energy_per_capita,low_carbon_share_elec,low_carbon_electricity,low_carbon_elec_per_capita,low_carbon_cons_change_pct,low_carbon_share_energy,low_carbon_cons_change_twh,low_carbon_consumption,low_carbon_energy_per_capita,net_elec_imports_share_demand,net_elec_imports,nuclear_share_elec,nuclear_cons_change_pct,nuclear_share_energy,nuclear_cons_change_twh,nuclear_consumption,nuclear_elec_per_capita,nuclear_energy_per_capita,oil_share_elec,oil_cons_change_pct,oil_share_energy,oil_cons_change_twh,oil_consumption,oil_elec_per_capita,oil_energy_per_capita,oil_production,oil_prod_per_capita,other_renewables_elec_per_capita_exc_biofuel,other_renewables_elec_per_capita,other_renewables_cons_change_pct,other_renewables_share_energy,other_renewables_cons_change_twh,other_renewable_consumption,other_renewables_share_elec_exc_biofuel,other_renewables_share_elec,other_renewables_energy_per_capita,per_capita_electricity,population,primary_energy_consumption,renewables_elec_per_capita,renewables_share_elec,renewables_cons_change_pct,renewables_share_energy,renewables_cons_change_twh,renewables_consumption,renewables_energy_per_capita,solar_share_elec,solar_cons_change_pct,solar_share_energy,solar_cons_change_twh,solar_consumption,solar_elec_per_capita,solar_energy_per_capita,wind_share_elec,wind_cons_change_pct,wind_share_energy,wind_cons_change_twh,wind_consumption,wind_elec_per_capita,wind_energy_per_capita
BIH,Bosnia and Herzegovina,1992,,,,,,,,,,,,,,,,,,,,,,,,6.38,1506.872,,,,,,,,,,,,,,,,2.689,10297.625,,,,,,,,16213873349.0,,,,,,,,,,,,,,,,,,,,,,,,,,,,,,,,,,,,,,,,,,,,,,,,,,,,,4233673.0,43.597,,,,,,,,,,,,,,,,,,,,,
BIH,Bosnia and Herzegovina,1993,-13.333,-0.851,,,,,-27.765,-12.104,,,,,,,,,,,,,,,,5.529,1355.497,,,,,,,,,,,,,,,,2.843,7720.706,,,,,,,,11076996909.0,,,,,,,,,,,,,,,,,,,,,,,,,,,,,,,,,,,,,,,,,,,,,,,,,,,,,4078940.0,31.492,,,,,,,,,,,,,,,,,,,,,
BIH,Bosnia and Herzegovina,1994,7.692,0.425,,,,,5.197,1.637,,,,,,,,,,,,,,,,5.954,1512.576,,,,,,,,,,,,,,,,2.947,8415.793,,,,,,,,11242947930.0,,,,,,,,,,,,,,,,,,,,,,,,,,,,,,,,,,,,,,,,,,,,,,,,,,,,,3936527.0,33.129,,,,,,,,,,,,,,,,,,,,,
BIH,Bosnia and Herzegovina,1995,17.143,1.021,,,,,65.809,21.802,,,,,,,,,,,,,,,,6.975,1821.61,,,,,,,,,,,,,,,,4.667,14345.782,,,,,,,,11770818064.0,,,,,,,,,,,,,,,,,,,,,,,,,,,,,,,,,,,,,,,,,,,,,,,,,,,,,3829049.0,54.931,,,,,,,,,,,,,,,,,,,,,
BIH,Bosnia and Herzegovina,1996,3.049,0.213,,,,,-37.796,-20.762,,,,,,,,,,,,,,,,7.188,1909.375,,,,,,,,,,,,,,,,1.905,9076.793,,,,,,,,17934745851.0,,,,,,,,,,,,,,,,,,,,,,,,,,,,,,,,,,,,,,,,,,,,,,,,,,,,,3764419.0,34.169,,,,,,,,,,,,,,,,,,,,,
BIH,Bosnia and Herzegovina,1997,222.663,16.004,,,,,42.648,14.572,,,,,,,,,,,,,,,,23.192,6207.589,,,,,,,,,,,,,,,,2.239,13046.104,,,,,,,,21766901660.0,,,,,,,,,,,,,,,,,,,,,,,,,,,,,,,,,,,,,,,,,,,,,,,,,,,,,3736070.0,48.741,,,,,,,,,,,,,,,,,,,,,
BIH,Bosnia and Herzegovina,1998,29.012,6.728,,,,,18.1,8.822,,,,,,,,,,,,,,,,29.92,8012.221,,,,,,,,,,,,,,,,2.352,15414.574,,,,,,,,24470433627.0,,,,,,,,,,,,,,,,,,,,,,,,,,,,,,,,,,,,,,,,,,,,,,,,,,,,,3734338.0,57.563,,,,,,,,,,,,,,,,,,,,,
BIH,Bosnia and Herzegovina,1999,-3.738,-1.119,,,,,1.44,0.829,,,,,,,,,,,,,,,,28.802,7694.114,,,,,,,,,,,,,,,,2.181,15598.898,,,,,,,,26775072364.0,,,,,,,,,,,,,,,,,,,,,,,,,,,,,,,,,,,,,,,,,,,,,,,,,,,,,3743353.0,58.392,,,,,,,,,,,,,,,,,,,,,
BIH,Bosnia and Herzegovina,2000,9.849,2.837,,,,,10.758,6.282,0.0,0.0,,,,,,420.896,49.851,,,,,1335.581,,31.639,8434.31,9.08,0.0,5.01,5.01,0.0,5.04,0.0,0.0,0.0,0.0,5.04,0.0,0.0,10.05,4.23,2.341,17240.947,,,,,,1335.581,49.851,27629668868.0,0.0,,,,,0.0,,,,50.149,,,,,1343.579,,50.149,5.04,1343.579,,,,,,-10.683,-0.97,0.0,,,,,0.0,,0.0,,,,,0.0,,,,0.0,0.0,,,,,0.0,0.0,,2679.16,3751176.0,64.674,1343.579,50.149,,,,,,0.0,,,,,0.0,,0.0,,,,,0.0,
BIH,Bosnia and Herzegovina,2001,1.519,0.481,,,,,-0.515,-0.333,0.0,0.0,,,,,,422.027,50.0,,,,,1365.991,,32.119,8552.539,9.17,0.0,5.13,5.13,0.0,5.13,0.0,0.0,0.0,0.0,5.13,0.0,0.0,10.26,4.33,2.303,17132.261,,,,,,1365.991,50.0,27937524522.0,0.0,,,,,0.0,,,,50.0,,,,,1365.991,,50.0,5.13,1365.991,,,,,,-11.887,-1.09,0.0,,,,,0.0,,0.0,,,,,0.0,,,,0.0,0.0,,,,,0.0,0.0,,2731.983,3755514.0,64.34,1365.991,50.0,,,,,,0.0,,,,,0.0,,0.0,,,,,0.0,
BIH,Bosnia and Herzegovina,2002,-32.829,-10.544,,,,,0.508,0.327,0.0,0.0,,,,,,421.71,49.856,,,,,1380.543,,21.575,5738.936,9.3,0.0,5.19,5.19,0.0,5.22,0.0,0.0,0.0,0.0,5.22,0.0,0.0,10.41,4.39,2.23,17201.541,,,,,,1380.543,49.856,28997446921.0,0.0,,,,,0.0,,,,50.144,,,,,1388.524,,50.144,5.22,1388.524,,,,,,-11.935,-1.11,0.0,,,,,0.0,,0.0,,,,,0.0,,,,0.0,0.0,,,,,0.0,0.0,,2769.067,3759389.0,64.667,1388.524,50.144,,,,,,0.0,,,,,0.0,,0.0,,,,,0.0,
BIH,Bosnia and Herzegovina,2003,6.826,1.473,,,,,-12.752,-8.246,0.0,0.0,,,,,,492.606,58.78,,,,,1690.51,,23.048,6126.139,9.82,0.0,6.36,6.36,0.0,4.46,0.0,0.0,0.0,0.0,4.46,0.0,0.0,10.82,5.33,1.897,14996.905,,,,,,1690.51,58.78,29749018967.0,0.0,,,,,0.0,,,,41.22,,,,,1185.483,,41.22,4.46,1185.483,,,,,,-10.183,-1.0,0.0,,,,,0.0,,0.0,,,,,0.0,,,,0.0,0.0,,,,,0.0,0.0,,2875.993,3762179.0,56.421,1185.483,41.22,,,,,,0.0,,,,,0.0,,0.0,,,,,0.0,
BIH,Bosnia and Herzegovina,2004,4.066,0.937,,,,,3.278,1.849,0.0,0.0,,,,,,435.563,51.713,,,,,1684.292,,23.985,6371.84,10.31,0.0,6.34,6.34,0.0,5.92,0.0,0.0,0.0,0.0,5.92,0.0,0.0,12.26,5.34,1.866,15480.167,,,,,,1684.292,51.713,31229567893.0,0.0,,,,,0.0,,,,48.287,,,,,1572.714,,48.287,5.92,1572.714,,,,,,-18.914,-1.95,0.0,,,,,0.0,,0.0,,,,,0.0,,,,0.0,0.0,,,,,0.0,0.0,,3257.005,3764194.0,58.27,1572.714,48.287,,,,,,0.0,,,,,0.0,,0.0,,,,,0.0,
BIH,Bosnia and Herzegovina,2005,2.241,0.537,,,,,-7.593,-4.424,0.0,0.0,,,,,,430.453,51.111,,,,,1649.257,,24.522,6512.663,10.77,0.0,6.21,6.21,0.0,5.94,0.0,0.0,0.0,0.0,5.94,0.0,0.0,12.15,5.23,1.674,14300.445,,,,,,1649.257,51.111,32159544489.0,0.0,,,,,0.0,,,,48.889,,,,,1577.55,,48.889,5.94,1577.55,,,,,,-12.813,-1.38,0.0,,,,,0.0,,0.0,,,,,0.0,,,,0.0,0.0,,,,,0.0,0.0,,3226.807,3765332.0,53.846,1577.55,48.889,,,,,,0.0,,,,,0.0,,0.0,,,,,0.0,
BIH,Bosnia and Herzegovina,2006,2.251,0.552,,,,,2.21,1.19,0.0,0.0,,,,,,459.375,54.688,,,,,1859.021,,25.074,6659.134,10.69,0.0,7.0,7.0,0.0,5.8,0.0,0.0,0.0,0.0,5.8,0.0,0.0,12.8,5.88,1.639,14616.078,,,,,,1859.021,54.688,33580219186.0,0.0,,,,,0.0,,,,45.312,,,,,1540.332,,45.312,5.8,1540.332,,,,,,-19.738,-2.11,0.0,,,,,0.0,,0.0,,,,,0.0,,,,0.0,0.0,,,,,0.0,0.0,,3399.353,3765422.0,55.036,1540.332,45.312,,,,,,0.0,,,,,0.0,,0.0,,,,,0.0,
BIH,Bosnia and Herzegovina,2007,4.034,1.011,,,,,-4.477,-2.464,0.0,0.0,,,,,,540.78,64.894,,,,,1945.364,,26.086,6932.587,10.68,0.0,7.32,7.32,0.0,3.96,0.0,0.0,0.0,0.0,3.96,0.0,0.0,11.28,6.1,1.495,13971.484,,,,,,1945.364,64.894,35158284837.0,0.0,,,,,0.0,,,,35.106,,,,,1052.41,,35.106,3.96,1052.41,,,,,,-5.618,-0.6,0.0,,,,,0.0,,0.0,,,,,0.0,,,,0.0,0.0,,,,,0.0,0.0,,2997.775,3762791.0,52.572,1052.41,35.106,,,,,,0.0,,,,,0.0,,0.0,,,,,0.0,
BIH,Bosnia and Herzegovina,2008,10.227,2.668,,,,,13.062,6.867,0.0,0.0,,,,,,550.071,66.008,,,,,2493.167,,28.754,7658.945,12.54,0.0,9.36,9.36,0.0,4.82,0.0,0.0,0.0,0.0,4.82,0.0,0.0,14.18,7.8,1.621,15832.357,,,,,,2493.167,66.008,36676654893.0,0.0,,,,,0.0,,,,33.992,,,,,1283.875,,33.992,4.82,1283.875,,,,,,-13.078,-1.64,0.0,,,,,0.0,,0.0,,,,,0.0,,,,0.0,0.0,,,,,0.0,0.0,,3777.042,3754261.0,59.439,1283.875,33.992,,,,,,0.0,,,,,0.0,,0.0,,,,,0.0,
BIH,Bosnia and Herzegovina,2009,-0.835,-0.24,,,,,20.238,12.029,0.0,0.0,,,,,,493.351,58.91,,,,,2371.555,,28.514,7632.23,12.05,0.0,8.86,8.86,0.0,6.18,0.0,0.0,0.0,0.0,6.18,0.0,0.0,15.04,7.42,1.989,19129.908,,,,,,2371.555,58.91,35937405388.0,0.0,,,,,0.0,,,,41.09,,,,,1654.2,,41.09,6.18,1654.2,,,,,,-24.813,-2.99,0.0,,,,,0.0,,0.0,,,,,0.0,,,,0.0,0.0,,,,,0.0,0.0,,4025.755,3735945.0,71.468,1654.2,41.09,,,,,,0.0,,,,,0.0,,0.0,,,,,0.0,
BIH,Bosnia and Herzegovina,2010,-4.637,-1.322,,,,,7.048,5.037,0.0,0.0,,,,,,436.364,51.818,,,,,2307.395,,27.191,7338.147,12.67,0.0,8.55,8.55,0.0,7.95,0.0,0.0,0.0,0.0,7.95,0.0,0.0,16.5,7.2,2.139,20646.576,,,,,,2307.395,51.818,35774981678.0,0.0,,,,,0.0,,,,48.182,,,,,2145.472,,48.182,7.95,2145.472,,,,,,-30.229,-3.83,0.0,,,,,0.0,,0.0,,,,,0.0,,,,0.0,0.0,,,,,0.0,0.0,,4452.867,3705478.0,76.505,2145.472,48.182,,,,,,0.0,,,,,0.0,,0.0,,,,,0.0,
BIH,Bosnia and Herzegovina,2011,11.088,3.015,,,,,-3.11,-2.379,0.0,0.0,,,,,,582.99,70.233,,,,,2796.918,,30.206,8250.47,13.09,0.0,10.24,10.24,0.0,4.34,0.0,0.0,0.0,0.0,4.34,0.0,0.0,14.58,8.5,2.078,20246.561,,,,,,2796.918,70.233,35666185703.0,0.0,,,,,0.0,,,,29.767,,,,,1185.412,,29.767,4.34,1185.412,,,,,,-11.383,-1.49,0.0,,,,,0.0,,0.0,,,,,0.0,,,,0.0,0.0,,,,,0.0,0.0,,3982.33,3661173.0,74.126,1185.412,29.767,,,,,,0.0,,,,,0.0,,0.0,,,,,0.0,
BIH,Bosnia and Herzegovina,2012,-1.855,-0.56,,,,,-2.722,-2.018,0.0,0.0,,,,,,572.917,68.973,,,,,2571.449,,29.646,8223.689,13.4,0.0,9.27,9.27,0.0,4.17,0.0,0.0,0.0,0.0,4.17,0.0,0.0,13.44,7.7,2.043,20002.535,,,,,,2571.449,68.973,35288069276.0,0.0,,,,,0.0,,,,31.027,,,,,1156.736,,31.027,4.17,1156.736,,,,,,-0.299,-0.04,0.0,,,,,0.0,,0.0,,,,,0.0,,,,0.0,0.0,,,,,0.0,0.0,,3728.184,3604972.0,72.109,1156.736,31.027,,,,,,0.0,,,,,0.0,,0.0,,,,,0.0,
BIH,Bosnia and Herzegovina,2013,-10.525,-3.12,,,,,1.544,1.113,0.0,0.0,,,,,,479.117,56.623,,,,,2678.825,,26.526,7487.724,13.07,0.0,9.49,9.6,0.0,7.16,0.0,0.11,0.0,0.0,7.16,0.0,0.0,16.76,8.03,2.027,20668.973,,,,,,2709.876,57.279,36129705248.0,0.0,,,,,0.0,,,,42.721,,,,,2021.116,,42.721,7.16,2021.116,,,,,,-28.233,-3.69,0.0,,,,,0.0,,0.656,,,,,31.051,,,,0.0,0.0,,,,,0.0,0.0,,4730.991,3542598.0,73.222,2021.116,42.721,,,,,,0.0,,,,,0.0,,0.0,,,,,0.0,
BIH,Bosnia and Herzegovina,2014,0.157,0.042,,,,,-3.193,-2.338,0.0,0.0,,,,,,517.108,61.33,,,,,2728.234,,26.568,7629.754,12.65,0.0,9.5,9.61,0.0,5.88,0.0,0.11,0.0,0.0,5.88,0.0,0.0,15.49,8.01,1.941,20356.561,,,,,,2759.824,62.04,36520341717.0,0.0,,,,,0.0,,,,37.96,,,,,1688.633,,37.96,5.88,1688.633,,,,,,-22.451,-2.84,0.0,,,,,0.0,,0.71,,,,,31.59,,,,0.0,0.0,,,,,0.0,0.0,,4448.457,3482106.0,70.884,1688.633,37.96,,,,,,0.0,,,,,0.0,,0.0,,,,,0.0,
BIH,Bosnia and Herzegovina,2015,-1.821,-0.484,,,,,0.15,0.106,0.0,0.0,,,,,,527.406,62.567,,,,,2729.371,,26.084,7606.01,12.83,0.0,9.36,9.47,0.0,5.49,0.0,0.11,0.0,0.0,5.49,0.0,0.0,14.96,7.89,1.886,20700.691,,,,,,2761.447,63.302,37642617545.0,0.0,,,,,0.0,,,,36.698,,,,,1600.881,,36.698,5.49,1600.881,,,,,,-16.602,-2.13,0.0,,,,,0.0,,0.735,,,,,32.076,,,,0.0,0.0,,,,,0.0,0.0,,4362.327,3429362.0,70.99,1600.881,36.698,,,,,,0.0,,,,,0.0,,0.0,,,,,0.0,
BIH,Bosnia and Herzegovina,2016,5.815,1.517,,,,,2.251,1.598,0.059,2.953,,,,,,555.621,66.274,,,,,3325.199,,27.6,8150.714,13.23,0.01,11.26,11.37,0.0,5.59,0.0,0.11,0.0,0.01,5.62,0.02,0.0,16.99,9.44,1.881,21435.977,,,,,,3357.684,66.922,38586312540.0,0.0,,,,,0.0,,,,32.902,,,,,1650.787,,33.078,5.62,1659.647,,,,,,-28.42,-3.76,0.0,,,,,0.0,,0.647,,,,,32.484,,,,0.0,2.953,,,,,0.0,0.059,,5017.33,3386263.0,72.588,1659.647,33.078,,,,,,0.118,,,,,5.906,,0.0,,,,,0.0,
BIH,Bosnia and Herzegovina,2017,,,,,,,-0.763,-0.554,0.065,2.984,,,,,,624.191,74.774,,,,,3449.167,,,,13.62,0.01,11.56,11.68,0.0,3.75,0.0,0.12,0.0,0.01,3.78,0.02,0.0,15.46,9.65,1.81,21492.847,,,,,,3484.971,75.55,39806904813.0,0.0,,,,,0.0,,,,24.256,,,,,1118.891,,24.45,3.78,1127.842,,,,,,-13.51,-1.84,0.0,,,,,0.0,,0.776,,,,,35.805,,,,0.0,2.984,,,,,0.0,0.065,,4612.813,3351534.0,72.034,1127.842,24.45,,,,,,0.129,,,,,5.967,,0.0,,,,,0.0,
BIH,Bosnia and Herzegovina,2018,,,,,,,1.684,1.213,0.055,3.008,,,,,,535.636,63.816,,,,,3501.88,,,,13.63,0.01,11.64,11.76,0.0,6.35,0.0,0.12,0.0,0.01,6.48,0.02,0.1,18.24,9.77,1.774,22036.383,,,,,,3537.982,64.474,41286323312.0,0.0,,,,,0.0,,,,34.814,,,,,1910.39,,35.526,6.48,1949.5,,,,,,-33.822,-4.61,0.0,,,,,0.0,,0.658,,,,,36.102,,,,0.0,3.008,,,,,0.0,0.055,,5487.482,3323929.0,73.247,1949.5,35.526,,,,,,0.11,,,,,6.017,,0.548,,,,,30.085,
BIH,Bosnia and Herzegovina,2019,,,,,,,-5.052,-3.7,0.12,6.059,,,,,,516.787,61.511,,,,,3108.151,,,,12.94,0.02,10.26,10.36,0.0,6.02,0.0,0.1,0.0,0.02,6.32,0.03,0.25,16.68,8.62,,21068.464,,,,,,3138.445,62.11,,0.0,,,,,0.0,,,,36.091,,,,,1823.691,,37.89,6.32,1914.573,,,,,,-28.903,-3.74,0.0,,,,,0.0,,0.6,,,,,30.294,,,,0.0,6.059,,,,,0.0,0.12,,5053.017,3300998.0,69.547,1914.573,37.89,,,,,,0.18,,,,,9.088,,1.499,,,,,75.735,
BIH,Bosnia and Herzegovina,2020,,,,,,,,,0.116,6.096,,,,,,522.042,62.065,,,,,3261.385,,,,13.19,0.02,10.7,10.81,0.0,6.1,0.0,0.11,0.0,0.02,6.43,0.05,0.26,17.24,9.0,,,,,,,,3294.913,62.703,,0.0,,,,,0.0,,,,35.383,,,,,1859.294,,37.297,6.43,1959.879,,,,,,-30.705,-4.05,0.0,,,,,0.0,,0.638,,,,,33.528,,,,0.0,6.096,,,,,0.0,0.116,,5254.792,3280815.0,,1959.879,37.297,,,,,,0.29,,,,,15.24,,1.508,,,,,79.249,
BIH,Bosnia and Herzegovina,2021,,,,,,,,,0.112,6.128,,,,,,470.982,55.692,,,,,3058.105,,,,12.41,0.02,9.98,10.09,0.0,7.37,0.0,0.11,0.0,0.02,7.83,0.05,0.39,17.92,8.44,,,,,,,,3091.811,56.306,,0.0,,,,,0.0,,,,41.127,,,,,2258.34,,43.694,7.83,2399.295,,,,,,-44.4,-5.51,0.0,,,,,0.0,,0.614,,,,,33.707,,,,0.0,6.128,,,,,0.0,0.112,,5491.106,3263459.0,,2399.295,43.694,,,,,,0.279,,,,,15.321,,2.176,,,,,119.505,
