iso_code,country,year,coal_prod_change_pct,coal_prod_change_twh,gas_prod_change_pct,gas_prod_change_twh,oil_prod_change_pct,oil_prod_change_twh,energy_cons_change_pct,energy_cons_change_twh,biofuel_share_elec,biofuel_elec_per_capita,biofuel_cons_change_pct,biofuel_share_energy,biofuel_cons_change_twh,biofuel_consumption,biofuel_cons_per_capita,carbon_intensity_elec,coal_share_elec,coal_cons_change_pct,coal_share_energy,coal_cons_change_twh,coal_consumption,coal_elec_per_capita,coal_cons_per_capita,coal_production,coal_prod_per_capita,electricity_demand,biofuel_electricity,coal_electricity,fossil_electricity,gas_electricity,hydro_electricity,nuclear_electricity,oil_electricity,other_renewable_exc_biofuel_electricity,other_renewable_electricity,renewables_electricity,solar_electricity,wind_electricity,electricity_generation,greenhouse_gas_emissions,energy_per_gdp,energy_per_capita,fossil_cons_change_pct,fossil_share_energy,fossil_cons_change_twh,fossil_fuel_consumption,fossil_energy_per_capita,fossil_cons_per_capita,fossil_share_elec,gdp,gas_share_elec,gas_cons_change_pct,gas_share_energy,gas_cons_change_twh,gas_consumption,gas_elec_per_capita,gas_energy_per_capita,gas_production,gas_prod_per_capita,hydro_share_elec,hydro_cons_change_pct,hydro_share_energy,hydro_cons_change_twh,hydro_consumption,hydro_elec_per_capita,hydro_energy_per_capita,low_carbon_share_elec,low_carbon_electricity,low_carbon_elec_per_capita,low_carbon_cons_change_pct,low_carbon_share_energy,low_carbon_cons_change_twh,low_carbon_consumption,low_carbon_energy_per_capita,net_elec_imports_share_demand,net_elec_imports,nuclear_share_elec,nuclear_cons_change_pct,nuclear_share_energy,nuclear_cons_change_twh,nuclear_consumption,nuclear_elec_per_capita,nuclear_energy_per_capita,oil_share_elec,oil_cons_change_pct,oil_share_energy,oil_cons_change_twh,oil_consumption,oil_elec_per_capita,oil_energy_per_capita,oil_production,oil_prod_per_capita,other_renewables_elec_per_capita_exc_biofuel,other_renewables_elec_per_capita,other_renewables_cons_change_pct,other_renewables_share_energy,other_renewables_cons_change_twh,other_renewable_consumption,other_renewables_share_elec_exc_biofuel,other_renewables_share_elec,other_renewables_energy_per_capita,per_capita_electricity,population,primary_energy_consumption,renewables_elec_per_capita,renewables_share_elec,renewables_cons_change_pct,renewables_share_energy,renewables_cons_change_twh,renewables_consumption,renewables_energy_per_capita,solar_share_elec,solar_cons_change_pct,solar_share_energy,solar_cons_change_twh,solar_consumption,solar_elec_per_capita,solar_energy_per_capita,wind_share_elec,wind_cons_change_pct,wind_share_energy,wind_cons_change_twh,wind_consumption,wind_elec_per_capita,wind_energy_per_capita
KGZ,Kyrgyzstan,1992,,,,,,,,,,,,,,,,,,,,,,,,9.912,2225.244,,,,,,,,,,,,,,,,4.225,18575.243,,,,,,,,19580875909.0,,,,,,,,1.07,240.14,,,,,,,,,,,,,,,,,,,,,,,,,,,,,,,,1.37,307.626,,,,,,,,,,,4454192.0,82.738,,,,,,,,,,,,,,,,,,,,,
KGZ,Kyrgyzstan,1993,-19.991,-1.981,-59.979,-0.642,-9.462,-0.13,-12.413,-10.27,,,,,,,,,,,,,,,,7.93,1768.628,,,,,,,,,,,,,,,,4.297,16161.861,,,,,,,,16865843726.0,,,,,,,,0.428,95.47,,,,,,,,,,,,,,,,,,,,,,,,,,,,,,,,1.241,276.676,,,,,,,,,,,4483844.0,72.467,,,,,,,,,,,,,,,,,,,,,
KGZ,Kyrgyzstan,1994,-50.901,-4.037,-12.057,-0.052,-19.478,-0.242,-11.532,-8.357,,,,,,,,,,,,,,,,3.894,861.666,,,,,,,,,,,,,,,,4.788,14187.369,,,,,,,,13389776019.0,,,,,,,,0.376,83.31,,,,,,,,,,,,,,,,,,,,,,,,,,,,,,,,0.999,221.06,,,,,,,,,,,4518808.0,64.11,,,,,,,,,,,,,,,,,,,,,
KGZ,Kyrgyzstan,1995,-45.207,-1.76,0.344,0.001,24.19,0.242,-14.822,-9.502,,,,,,,,,,,,,,,,2.133,467.242,,,,,,,,,,,,,,,,4.356,11959.355,,,,,,,,12537071816.0,,,,,,,,0.378,82.73,,,,,,,,,,,,,,,,,,,,,,,,,,,,,,,,1.241,271.692,,,,,,,,,,,4566096.0,54.608,,,,,,,,,,,,,,,,,,,,,
KGZ,Kyrgyzstan,1996,-11.663,-0.249,-30.894,-0.117,0.274,0.003,24.516,13.387,,,,,,,,,,,,,,,,1.885,407.103,,,,,,,,,,,,,,,,5.116,14687.619,,,,,,,,13289591232.0,,,,,,,,0.261,56.39,,,,,,,,,,,,,,,,,,,,,,,,,,,,,,,,1.244,268.711,,,,,,,,,,,4629403.0,67.995,,,,,,,,,,,,,,,,,,,,,
KGZ,Kyrgyzstan,1997,27.628,0.521,-25.215,-0.066,-10.395,-0.129,-5.698,-3.875,,,,,,,,,,,,,,,,2.405,511.16,,,,,,,,,,,,,,,,4.433,13626.216,,,,,,,,14463592473.0,,,,,,,,0.195,41.487,,,,,,,,,,,,,,,,,,,,,,,,,,,,,,,,1.115,236.878,,,,,,,,,,,4705651.0,64.12,,,,,,,,,,,,,,,,,,,,,
KGZ,Kyrgyzstan,1998,-17.241,-0.415,-22.222,-0.043,-5.648,-0.063,0.359,0.23,,,,,,,,,,,,,,,,1.991,415.86,,,,,,,,,,,,,,,,4.4,13443.421,,,,,,,,14624163226.0,,,,,,,,0.152,31.721,,,,,,,,,,,,,,,,,,,,,,,,,,,,,,,,1.052,219.711,,,,,,,,,,,4786772.0,64.351,,,,,,,,,,,,,,,,,,,,,
KGZ,Kyrgyzstan,1999,-3.472,-0.069,-28.571,-0.043,-5.478,-0.058,7.577,4.876,,,,,,,,,,,,,,,,1.922,395.281,,,,,,,,,,,,,,,,4.612,14240.791,,,,,,,,15009657718.0,,,,,,,,0.108,22.311,,,,,,,,,,,,,,,,,,,,,,,,,,,,,,,,0.994,204.5,,,,,,,,,,,4861121.0,69.226,,,,,,,,,,,,,,,,,,,,,
KGZ,Kyrgyzstan,2000,1.918,0.037,30.0,0.033,27.004,0.268,1.069,0.74,0.0,0.0,,,,,,132.952,12.977,,,,,414.574,,1.958,397.985,12.92,0.0,2.04,2.17,0.0,13.55,0.0,0.13,0.0,0.0,13.55,0.0,0.0,15.72,2.09,4.466,14218.728,,,,,,440.993,13.804,15667580318.0,0.0,,,,,0.0,,0.141,28.654,86.196,,,,,2753.667,,86.196,13.55,2753.667,,,,,,-21.672,-2.8,0.0,,,,,0.0,,0.827,,,,,26.419,,1.263,256.578,0.0,0.0,,,,,0.0,0.0,,3194.66,4920712.0,69.966,2753.667,86.196,,,,,,0.0,,,,,0.0,,0.0,,,,,0.0,
KGZ,Kyrgyzstan,2001,12.0,0.235,23.077,0.033,-0.273,-0.003,-5.114,-3.578,0.0,0.0,,,,,,151.329,15.133,,,,,447.325,,2.193,441.96,12.83,0.0,2.22,2.36,0.0,12.31,0.0,0.14,0.0,0.0,12.31,0.0,0.0,14.67,2.22,4.064,13377.047,,,,,,475.534,16.087,16336560615.0,0.0,,,,,0.0,,0.174,34.967,83.913,,,,,2480.435,,83.913,12.31,2480.435,,,,,,-14.341,-1.84,0.0,,,,,0.0,,0.954,,,,,28.21,,1.259,253.705,0.0,0.0,,,,,0.0,0.0,,2955.969,4962839.0,66.388,2480.435,83.913,,,,,,0.0,,,,,0.0,,0.0,,,,,0.0,
KGZ,Kyrgyzstan,2002,-3.571,-0.078,-37.5,-0.065,-24.0,-0.302,-14.612,-9.701,0.0,0.0,,,,,,156.542,15.81,,,,,406.693,,2.115,423.73,12.16,0.0,2.03,2.16,0.0,10.68,0.0,0.13,0.0,0.0,10.68,0.0,0.0,12.84,2.01,3.506,11356.842,,,,,,432.738,16.822,16170502318.0,0.0,,,,,0.0,,0.108,21.729,83.178,,,,,2139.647,,83.178,10.68,2139.647,,,,,,-5.592,-0.68,0.0,,,,,0.0,,1.012,,,,,26.044,,0.957,191.709,0.0,0.0,,,,,0.0,0.0,,2572.384,4991478.0,56.687,2139.647,83.178,,,,,,0.0,,,,,0.0,,0.0,,,,,0.0,
KGZ,Kyrgyzstan,2003,-9.368,-0.198,170.0,0.184,-9.211,-0.088,5.677,3.218,0.0,0.0,,,,,,123.449,11.888,,,,,363.017,,1.917,382.345,13.7,0.0,1.82,1.93,0.0,13.38,0.0,0.11,0.0,0.0,13.38,0.0,0.0,15.31,1.89,3.496,11948.812,,,,,,384.958,12.606,17135749418.0,0.0,,,,,0.0,,0.293,58.41,87.394,,,,,2668.774,,87.394,13.38,2668.774,,,,,,-11.752,-1.61,0.0,,,,,0.0,,0.718,,,,,21.941,,0.869,173.286,0.0,0.0,,,,,0.0,0.0,,3053.732,5013538.0,59.906,2668.774,87.394,,,,,,0.0,,,,,0.0,,0.0,,,,,0.0,
KGZ,Kyrgyzstan,2004,10.817,0.207,7.407,0.022,1.727,0.015,2.066,1.238,0.0,0.0,,,,,,126.014,12.227,,,,,388.966,,2.124,421.564,12.7,0.0,1.96,2.08,0.0,13.95,0.0,0.12,0.0,0.0,13.95,0.0,0.0,16.03,2.02,3.368,12134.084,,,,,,412.781,12.976,18155683597.0,0.0,,,,,0.0,,0.315,62.419,87.024,,,,,2768.409,,87.024,13.95,2768.409,,,,,,-26.22,-3.33,0.0,,,,,0.0,,0.749,,,,,23.814,,0.884,175.388,0.0,0.0,,,,,0.0,0.0,,3181.19,5038995.0,61.144,2768.409,87.024,,,,,,0.0,,,,,0.0,,0.0,,,,,0.0,
KGZ,Kyrgyzstan,2005,-27.332,-0.581,3.448,0.011,42.467,0.375,-5.844,-3.573,0.0,0.0,,,,,,130.464,12.705,,,,,366.478,,1.544,304.149,11.96,0.0,1.86,1.98,0.0,12.66,0.0,0.12,0.0,0.0,12.66,0.0,0.0,14.64,1.91,3.209,11343.145,,,,,,390.122,13.525,17942170492.0,0.0,,,,,0.0,,0.325,64.109,86.475,,,,,2494.414,,86.475,12.66,2494.414,,,,,,-22.408,-2.68,0.0,,,,,0.0,,0.82,,,,,23.644,,1.259,248.081,0.0,0.0,,,,,0.0,0.0,,2884.536,5075340.0,57.57,2494.414,86.475,,,,,,0.0,,,,,0.0,,0.0,,,,,0.0,
KGZ,Kyrgyzstan,2006,-4.179,-0.065,-13.333,-0.043,0.0,0.0,1.908,1.099,0.0,0.0,,,,,,130.952,12.745,,,,,355.165,,1.479,288.649,11.77,0.0,1.82,1.93,0.0,12.35,0.0,0.11,0.0,0.0,12.35,0.0,0.0,14.28,1.87,3.203,11448.969,,,,,,376.631,13.515,18316494902.0,0.0,,,,,0.0,,0.282,55.03,86.485,,,,,2410.048,,86.485,12.35,2410.048,,,,,,-21.325,-2.51,0.0,,,,,0.0,,0.77,,,,,21.466,,1.259,245.707,0.0,0.0,,,,,0.0,0.0,,2786.679,5124379.0,58.669,2410.048,86.485,,,,,,0.0,,,,,0.0,,0.0,,,,,0.0,
KGZ,Kyrgyzstan,2007,23.053,0.341,-29.231,-0.082,-50.0,-0.63,9.745,5.717,0.0,0.0,,,,,,130.316,12.689,,,,,356.841,,1.82,351.08,12.2,0.0,1.85,1.97,0.0,12.61,0.0,0.12,0.0,0.0,12.61,0.0,0.0,14.58,1.9,3.271,12419.208,,,,,,379.987,13.512,19684078833.0,0.0,,,,,0.0,,0.2,38.493,86.488,,,,,2432.304,,86.488,12.61,2432.304,,,,,,-19.508,-2.38,0.0,,,,,0.0,,0.823,,,,,23.146,,0.63,121.431,0.0,0.0,,,,,0.0,0.0,,2812.292,5184384.0,64.386,2432.304,86.488,,,,,,0.0,,,,,0.0,,0.0,,,,,0.0,
KGZ,Kyrgyzstan,2008,22.785,0.415,63.044,0.126,0.274,0.002,-4.523,-2.912,0.0,0.0,,,,,,130.397,12.694,,,,,279.735,,2.235,425.283,10.81,0.0,1.47,1.56,0.0,10.02,0.0,0.09,0.0,0.0,10.02,0.0,0.0,11.58,1.51,2.933,11698.167,,,,,,296.862,13.472,20960394169.0,0.0,,,,,0.0,,0.325,61.918,86.528,,,,,1906.767,,86.528,10.02,1906.767,,,,,,-7.123,-0.77,0.0,,,,,0.0,,0.777,,,,,17.127,,0.631,120.129,0.0,0.0,,,,,0.0,0.0,,2203.629,5254969.0,61.474,1906.767,86.528,,,,,,0.0,,,,,0.0,,0.0,,,,,0.0,
KGZ,Kyrgyzstan,2009,25.155,0.562,-48.667,-0.158,-0.273,-0.002,0.965,0.593,0.0,0.0,,,,,,83.257,7.045,,,,,144.338,,2.797,524.305,9.73,0.0,0.77,0.82,0.0,10.11,0.0,0.05,0.0,0.0,10.11,0.0,0.0,10.93,0.91,2.907,11634.529,,,,,,153.71,7.502,21348214122.0,0.0,,,,,0.0,,0.167,31.309,92.498,,,,,1895.137,,92.498,10.11,1895.137,,,,,,-12.333,-1.2,0.0,,,,,0.0,,0.457,,,,,9.373,,0.63,118.01,0.0,0.0,,,,,0.0,0.0,,2048.847,5334708.0,62.067,1895.137,92.498,,,,,,0.0,,,,,0.0,,0.0,,,,,0.0,
KGZ,Kyrgyzstan,2010,-5.272,-0.147,-22.078,-0.037,-0.0,-0.0,-4.259,-2.643,0.0,0.0,,,,,,85.499,7.376,,,,,162.293,,2.65,488.642,10.22,0.0,0.88,0.93,0.0,11.0,0.0,0.05,0.0,0.0,11.0,0.0,0.0,11.93,1.02,2.825,10959.131,,,,,,171.514,7.795,21037254107.0,0.0,,,,,0.0,,0.13,24.003,92.205,,,,,2028.66,,92.205,11.0,2028.66,,,,,,-16.732,-1.71,0.0,,,,,0.0,,0.419,,,,,9.221,,0.63,116.103,0.0,0.0,,,,,0.0,0.0,,2200.174,5422298.0,59.424,2028.66,92.205,,,,,,0.0,,,,,0.0,,0.0,,,,,0.0,
KGZ,Kyrgyzstan,2011,44.522,1.18,-16.667,-0.022,0.0,0.0,13.841,8.225,0.0,0.0,,,,,,74.866,6.016,,,,,163.105,,3.829,693.955,12.29,0.0,0.9,0.96,0.0,14.0,0.0,0.06,0.0,0.0,14.0,0.0,0.0,14.96,1.12,3.065,12259.758,,,,,,173.978,6.417,22069688508.0,0.0,,,,,0.0,,0.108,19.656,93.583,,,,,2537.185,,93.583,14.0,2537.185,,,,,,-21.725,-2.67,0.0,,,,,0.0,,0.401,,,,,10.874,,0.63,114.091,0.0,0.0,,,,,0.0,0.0,,2711.163,5517927.0,67.648,2537.185,93.583,,,,,,0.0,,,,,0.0,,0.0,,,,,0.0,
KGZ,Kyrgyzstan,2012,40.072,1.534,-40.0,-0.043,0.274,0.002,13.128,8.881,0.0,0.0,,,,,,73.48,5.878,,,,,156.54,,5.364,954.114,13.31,0.0,0.88,0.93,0.0,14.04,0.0,0.05,0.0,0.0,14.04,0.0,0.0,14.97,1.1,3.47,13613.452,,,,,,165.434,6.212,22051598879.0,0.0,,,,,0.0,,0.065,11.576,93.788,,,,,2497.517,,93.788,14.04,2497.517,,,,,,-12.472,-1.66,0.0,,,,,0.0,,0.334,,,,,8.894,,0.631,112.294,0.0,0.0,,,,,0.0,0.0,,2662.951,5621583.0,76.529,2497.517,93.788,,,,,,0.0,,,,,0.0,,0.0,,,,,0.0,
KGZ,Kyrgyzstan,2013,20.962,1.124,433.332,0.282,-0.273,-0.002,-6.093,-4.663,0.0,0.0,,,,,,72.872,5.844,,,,,141.329,,6.488,1132.022,13.71,0.0,0.81,0.86,0.0,13.0,0.0,0.05,0.0,0.0,13.0,0.0,0.0,13.86,1.01,2.939,12539.204,,,,,,150.053,6.205,24453878463.0,0.0,,,,,0.0,,0.347,60.556,93.795,,,,,2268.242,,93.795,13.0,2268.242,,,,,,-1.094,-0.15,0.0,,,,,0.0,,0.361,,,,,8.724,,0.63,109.843,0.0,0.0,,,,,0.0,0.0,,2418.294,5731312.0,71.866,2268.242,93.795,,,,,,0.0,,,,,0.0,,0.0,,,,,0.0,
KGZ,Kyrgyzstan,2014,27.407,1.778,6.25,0.022,0.0,0.0,1.756,1.262,0.0,0.0,,,,,,90.529,7.869,,,,,193.343,,8.266,1414.343,14.57,0.0,1.13,1.2,0.0,13.16,0.0,0.07,0.0,0.0,13.16,0.0,0.0,14.36,1.3,2.874,12512.205,,,,,,205.321,8.357,25441021254.0,0.0,,,,,0.0,,0.369,63.095,91.643,,,,,2251.682,,91.643,13.16,2251.682,,,,,,1.441,0.21,0.0,,,,,0.0,,0.487,,,,,11.977,,0.63,107.716,0.0,0.0,,,,,0.0,0.0,,2457.002,5844521.0,73.128,2251.682,91.643,,,,,,0.0,,,,,0.0,,0.0,,,,,0.0,
KGZ,Kyrgyzstan,2015,1.23,0.102,-11.765,-0.043,0.0,0.0,-10.24,-7.488,0.0,0.0,,,,,,135.831,13.349,,,,,286.955,,8.368,1404.206,13.36,0.0,1.71,1.82,0.0,10.99,0.0,0.11,0.0,0.0,10.99,0.0,0.0,12.81,1.74,2.493,11014.963,,,,,,305.414,14.208,26325837070.0,0.0,,,,,0.0,,0.325,54.601,85.792,,,,,1844.23,,85.792,10.99,1844.23,,,,,,4.117,0.55,0.0,,,,,0.0,,0.859,,,,,18.459,,0.63,105.644,0.0,0.0,,,,,0.0,0.0,,2149.644,5959126.0,65.64,1844.23,85.792,,,,,,0.0,,,,,0.0,,0.0,,,,,0.0,
KGZ,Kyrgyzstan,2016,0.175,0.015,-9.375,-0.031,0.274,0.002,2.065,1.355,0.0,0.0,,,,,,124.233,11.963,,,,,256.819,,8.382,1379.979,13.17,0.0,1.56,1.66,0.0,11.38,0.0,0.1,0.0,0.0,11.38,0.0,0.0,13.04,1.62,2.453,11029.155,,,,,,273.281,12.73,27316667013.0,0.0,,,,,0.0,,0.295,48.544,87.27,,,,,1873.459,,87.27,11.38,1873.459,,,,,,0.987,0.13,0.0,,,,,0.0,,0.767,,,,,16.463,,0.631,103.925,0.0,0.0,,,,,0.0,0.0,,2146.74,6074327.0,66.995,1873.459,87.27,,,,,,0.0,,,,,0.0,,0.0,,,,,0.0,
KGZ,Kyrgyzstan,2017,,,,,,,3.569,2.391,0.0,0.0,,,,,,87.639,7.652,,,,,189.023,,,,14.07,0.0,1.17,1.23,0.0,14.06,0.0,0.06,0.0,0.0,14.06,0.0,0.0,15.29,1.34,2.425,11209.836,,,,,,198.716,8.044,28611476768.0,0.0,,,,,0.0,,,,91.956,,,,,2271.506,,91.956,14.06,2271.506,,,,,,-8.671,-1.22,0.0,,,,,0.0,,0.392,,,,,9.693,,,,0.0,0.0,,,,,0.0,0.0,,2470.222,6189727.0,69.386,2271.506,91.956,,,,,,0.0,,,,,0.0,,0.0,,,,,0.0,
KGZ,Kyrgyzstan,2018,,,,,,,4.958,3.44,0.0,0.0,,,,,,82.952,7.054,,,,,171.319,,,,14.56,0.0,1.08,1.14,0.0,14.17,0.0,0.06,0.0,0.0,14.17,0.0,0.0,15.31,1.27,2.46,11552.311,,,,,,180.837,7.446,29601148153.0,0.0,,,,,0.0,,,,92.554,,,,,2247.77,,92.554,14.17,2247.77,,,,,,-5.151,-0.75,0.0,,,,,0.0,,0.392,,,,,9.518,,,,0.0,0.0,,,,,0.0,0.0,,2428.607,6304025.0,72.826,2247.77,92.554,,,,,,0.0,,,,,0.0,,0.0,,,,,0.0,
KGZ,Kyrgyzstan,2019,,,,,,,-9.48,-6.904,0.0,0.0,,,,,,84.848,7.273,,,,,168.333,,,,14.85,0.0,1.08,1.14,0.0,13.71,0.0,0.06,0.0,0.0,13.71,0.0,0.0,14.85,1.26,,10274.888,,,,,,177.685,7.677,,0.0,,,,,0.0,,,,92.323,,,,,2136.895,,92.323,13.71,2136.895,,,,,,0.0,0.0,0.0,,,,,0.0,,0.404,,,,,9.352,,,,0.0,0.0,,,,,0.0,0.0,,2314.58,6415851.0,65.922,2136.895,92.323,,,,,,0.0,,,,,0.0,,0.0,,,,,0.0,
KGZ,Kyrgyzstan,2020,,,,,,,,,0.0,0.0,,,,,,80.928,6.775,,,,,165.538,,,,15.94,0.0,1.08,1.14,0.0,14.8,0.0,0.06,0.0,0.0,14.8,0.0,0.0,15.94,1.29,,,,,,,,174.734,7.152,,0.0,,,,,0.0,,,,92.848,,,,,2268.48,,92.848,14.8,2268.48,,,,,,0.0,0.0,0.0,,,,,0.0,,0.376,,,,,9.197,,,,0.0,0.0,,,,,0.0,0.0,,2443.215,6524191.0,,2268.48,92.848,,,,,,0.0,,,,,0.0,,0.0,,,,,0.0,
