iso_code,country,year,coal_prod_change_pct,coal_prod_change_twh,gas_prod_change_pct,gas_prod_change_twh,oil_prod_change_pct,oil_prod_change_twh,energy_cons_change_pct,energy_cons_change_twh,biofuel_share_elec,biofuel_elec_per_capita,biofuel_cons_change_pct,biofuel_share_energy,biofuel_cons_change_twh,biofuel_consumption,biofuel_cons_per_capita,carbon_intensity_elec,coal_share_elec,coal_cons_change_pct,coal_share_energy,coal_cons_change_twh,coal_consumption,coal_elec_per_capita,coal_cons_per_capita,coal_production,coal_prod_per_capita,electricity_demand,biofuel_electricity,coal_electricity,fossil_electricity,gas_electricity,hydro_electricity,nuclear_electricity,oil_electricity,other_renewable_exc_biofuel_electricity,other_renewable_electricity,renewables_electricity,solar_electricity,wind_electricity,electricity_generation,greenhouse_gas_emissions,energy_per_gdp,energy_per_capita,fossil_cons_change_pct,fossil_share_energy,fossil_cons_change_twh,fossil_fuel_consumption,fossil_energy_per_capita,fossil_cons_per_capita,fossil_share_elec,gdp,gas_share_elec,gas_cons_change_pct,gas_share_energy,gas_cons_change_twh,gas_consumption,gas_elec_per_capita,gas_energy_per_capita,gas_production,gas_prod_per_capita,hydro_share_elec,hydro_cons_change_pct,hydro_share_energy,hydro_cons_change_twh,hydro_consumption,hydro_elec_per_capita,hydro_energy_per_capita,low_carbon_share_elec,low_carbon_electricity,low_carbon_elec_per_capita,low_carbon_cons_change_pct,low_carbon_share_energy,low_carbon_cons_change_twh,low_carbon_consumption,low_carbon_energy_per_capita,net_elec_imports_share_demand,net_elec_imports,nuclear_share_elec,nuclear_cons_change_pct,nuclear_share_energy,nuclear_cons_change_twh,nuclear_consumption,nuclear_elec_per_capita,nuclear_energy_per_capita,oil_share_elec,oil_cons_change_pct,oil_share_energy,oil_cons_change_twh,oil_consumption,oil_elec_per_capita,oil_energy_per_capita,oil_production,oil_prod_per_capita,other_renewables_elec_per_capita_exc_biofuel,other_renewables_elec_per_capita,other_renewables_cons_change_pct,other_renewables_share_energy,other_renewables_cons_change_twh,other_renewable_consumption,other_renewables_share_elec_exc_biofuel,other_renewables_share_elec,other_renewables_energy_per_capita,per_capita_electricity,population,primary_energy_consumption,renewables_elec_per_capita,renewables_share_elec,renewables_cons_change_pct,renewables_share_energy,renewables_cons_change_twh,renewables_consumption,renewables_energy_per_capita,solar_share_elec,solar_cons_change_pct,solar_share_energy,solar_cons_change_twh,solar_consumption,solar_elec_per_capita,solar_energy_per_capita,wind_share_elec,wind_cons_change_pct,wind_share_energy,wind_cons_change_twh,wind_consumption,wind_elec_per_capita,wind_energy_per_capita
LAO,Laos,1980,,,,,,,,,,,,,,,,,,,,,,,,0.0,0.134,,,,,,,,,,,,,,,,1.094,1165.85,,,,,,,,3470822000.0,,,,,,,,,,,,,,,,,,,,,,,,,,,,,,,,,,,,,,,,,,,,,,,,,,,,,3258149.0,3.799,,,,,,,,,,,,,,,,,,,,,
LAO,Laos,1981,11.409,0.0,,,,,-13.305,-0.505,,,,,,,,,,,,,,,,0.0,0.147,,,,,,,,,,,,,,,,0.823,990.9,,,,,,,,4001063000.0,,,,,,,,,,,,,,,,,,,,,,,,,,,,,,,,,,,,,,,,,,,,,,,,,,,,,3323353.0,3.293,,,,,,,,,,,,,,,,,,,,,
LAO,Laos,1982,99.999,0.0,,,,,2.585,0.085,,,,,,,,,,,,,,,,0.001,0.286,,,,,,,,,,,,,,,,0.789,993.248,,,,,,,,4284216000.0,,,,,,,,,,,,,,,,,,,,,,,,,,,,,,,,,,,,,,,,,,,,,,,,,,,,,3401193.0,3.378,,,,,,,,,,,,,,,,,,,,,
LAO,Laos,1983,50.0,0.0,,,,,-6.647,-0.225,,,,,,,,,,,,,,,,0.001,0.419,,,,,,,,,,,,,,,,0.703,903.657,,,,,,,,4484085000.0,,,,,,,,,,,,,,,,,,,,,,,,,,,,,,,,,,,,,,,,,,,,,,,,,,,,,3489910.0,3.154,,,,,,,,,,,,,,,,,,,,,
LAO,Laos,1984,33.333,0.0,,,,,-10.566,-0.333,,,,,,,,,,,,,,,,0.002,0.543,,,,,,,,,,,,,,,,0.587,786.453,,,,,,,,4807488000.0,,,,,,,,,,,,,,,,,,,,,,,,,,,,,,,,,,,,,,,,,,,,,,,,,,,,,3586315.0,2.82,,,,,,,,,,,,,,,,,,,,,
LAO,Laos,1985,150.001,0.003,,,,,-3.708,-0.105,,,,,,,,,,,,,,,,0.005,1.32,,,,,,,,,,,,,,,,0.537,736.43,,,,,,,,5053974000.0,,,,,,,,,,,,,,,,,,,,,,,,,,,,,,,,,,,,,,,,,,,,,,,,,,,,,3687889.0,2.716,,,,,,,,,,,,,,,,,,,,,
LAO,Laos,1986,99.999,0.005,,,,,3.108,0.084,,,,,,,,,,,,,,,,0.01,2.567,,,,,,,,,,,,,,,,0.528,738.041,,,,,,,,5300658000.0,,,,,,,,,,,,,,,,,,,,,,,,,,,,,,,,,,,,,,,,,,,,,,,,,,,,,3794204.0,2.8,,,,,,,,,,,,,,,,,,,,,
LAO,Laos,1987,-50.0,-0.005,,,,,-20.994,-0.588,,,,,,,,,,,,,,,,0.005,1.247,,,,,,,,,,,,,,,,0.424,566.472,,,,,,,,5223150000.0,,,,,,,,,,,,,,,,,,,,,,,,,,,,,,,,,,,,,,,,,,,,,,,,,,,,,3905530.0,2.212,,,,,,,,,,,,,,,,,,,,,
LAO,Laos,1988,0.0,0.0,,,,,-5.901,-0.131,,,,,,,,,,,,,,,,0.005,1.211,,,,,,,,,,,,,,,,0.407,517.759,,,,,,,,5118280000.0,,,,,,,,,,,,,,,,,,,,,,,,,,,,,,,,,,,,,,,,,,,,,,,,,,,,,4020817.0,2.082,,,,,,,,,,,,,,,,,,,,,
LAO,Laos,1989,0.0,0.0,,,,,26.961,0.561,,,,,,,,,,,,,,,,0.005,1.176,,,,,,,,,,,,,,,,0.452,638.605,,,,,,,,5846232000.0,,,,,,,,,,,,,,,,,,,,,,,,,,,,,,,,,,,,,,,,,,,,,,,,,,,,,4138845.0,2.643,,,,,,,,,,,,,,,,,,,,,
LAO,Laos,1990,0.0,0.0,,,,,12.863,0.34,,,,,,,,,,,,,,,,0.005,1.143,,,,,,,,,,,,,,,,0.478,700.502,,,,,,,,6235010000.0,,,,,,,,,,,,,,,,,,,,,,,,,,,,,,,,,,,,,,,,,,,,,,,,,,,,,4258471.0,2.983,,,,,,,,,,,,,,,,,,,,,
LAO,Laos,1991,0.0,0.0,,,,,8.849,0.264,,,,,,,,,,,,,,,,0.005,1.112,,,,,,,,,,,,,,,,0.496,741.46,,,,,,,,6550550446.0,,,,,,,,,,,,,,,,,,,,,,,,,,,,,,,,,,,,,,,,,,,,,,,,,,,,,4379234.0,3.247,,,,,,,,,,,,,,,,,,,,,
LAO,Laos,1992,0.0,0.0,,,,,-0.253,-0.008,,,,,,,,,,,,,,,,0.005,1.082,,,,,,,,,,,,,,,,0.465,719.684,,,,,,,,6965635987.0,,,,,,,,,,,,,,,,,,,,,,,,,,,,,,,,,,,,,,,,,,,,,,,,,,,,,4500346.0,3.239,,,,,,,,,,,,,,,,,,,,,
LAO,Laos,1993,0.0,0.0,,,,,2.873,0.093,,,,,,,,,,,,,,,,0.005,1.054,,,,,,,,,,,,,,,,0.448,721.195,,,,,,,,7432922164.0,,,,,,,,,,,,,,,,,,,,,,,,,,,,,,,,,,,,,,,,,,,,,,,,,,,,,4619946.0,3.332,,,,,,,,,,,,,,,,,,,,,
LAO,Laos,1994,0.0,0.0,,,,,-0.54,-0.018,,,,,,,,,,,,,,,,0.005,1.028,,,,,,,,,,,,,,,,0.409,699.745,,,,,,,,8095762120.0,,,,,,,,,,,,,,,,,,,,,,,,,,,,,,,,,,,,,,,,,,,,,,,,,,,,,4735837.0,3.314,,,,,,,,,,,,,,,,,,,,,
LAO,Laos,1995,2252.914,0.11,,,,,18.381,0.609,,,,,,,,,,,,,,,,0.115,23.64,,,,,,,,,,,,,,,,0.449,809.456,,,,,,,,8730282224.0,,,,,,,,,,,,,,,,,,,,,,,,,,,,,,,,,,,,,,,,,,,,,,,,,,,,,4846477.0,3.923,,,,,,,,,,,,,,,,,,,,,
LAO,Laos,1996,115.693,0.133,,,,,14.034,0.551,,,,,,,,,,,,,,,,0.247,49.911,,,,,,,,,,,,,,,,0.476,903.535,,,,,,,,9400684913.0,,,,,,,,,,,,,,,,,,,,,,,,,,,,,,,,,,,,,,,,,,,,,,,,,,,,,4951189.0,4.474,,,,,,,,,,,,,,,,,,,,,
LAO,Laos,1997,88.132,0.218,,,,,1.33,0.06,,,,,,,,,,,,,,,,0.465,92.056,,,,,,,,,,,,,,,,0.448,897.584,,,,,,,,10121302980.0,,,,,,,,,,,,,,,,,,,,,,,,,,,,,,,,,,,,,,,,,,,,,,,,,,,,,5050308.0,4.533,,,,,,,,,,,,,,,,,,,,,
LAO,Laos,1998,-9.811,-0.046,,,,,27.313,1.238,,,,,,,,,,,,,,,,0.419,81.503,,,,,,,,,,,,,,,,0.545,1121.8,,,,,,,,10598967478.0,,,,,,,,,,,,,,,,,,,,,,,,,,,,,,,,,,,,,,,,,,,,,,,,,,,,,5144601.0,5.771,,,,,,,,,,,,,,,,,,,,,
LAO,Laos,1999,-8.429,-0.035,,,,,18.218,1.051,,,,,,,,,,,,,,,,0.384,73.339,,,,,,,,,,,,,,,,0.595,1303.187,,,,,,,,11458882965.0,,,,,,,,,,,,,,,,,,,,,,,,,,,,,,,,,,,,,,,,,,,,,,,,,,,,,5235339.0,6.823,,,,,,,,,,,,,,,,,,,,,
LAO,Laos,2000,190.999,0.733,,,,,66.107,4.51,0.0,0.0,,,,,,88.154,0.0,,,,,0.0,,1.117,209.874,0.8,0.0,0.0,0.35,0.0,3.28,0.0,0.35,0.0,0.0,3.28,0.0,0.0,3.63,0.32,0.928,2128.759,,,,,,65.744,9.642,12209285533.0,0.0,,,,,0.0,,,,90.358,,,,,616.113,,90.358,3.28,616.113,,,,,,-353.75,-2.83,0.0,,,,,0.0,,9.642,,,,,65.744,,,,0.0,0.0,,,,,0.0,0.0,,681.856,5323701.0,11.333,616.113,90.358,,,,,,0.0,,,,,0.0,,0.0,,,,,0.0,
LAO,Laos,2001,7.664,0.086,,,,,6.268,0.71,0.0,0.0,,,,,,87.671,0.0,,,,,0.0,,1.203,222.372,0.97,0.0,0.0,0.35,0.0,3.3,0.0,0.35,0.0,0.0,3.3,0.0,0.0,3.65,0.32,0.926,2226.285,,,,,,64.7,9.589,13005703046.0,0.0,,,,,0.0,,,,90.411,,,,,610.028,,90.411,3.3,610.028,,,,,,-276.289,-2.68,0.0,,,,,0.0,,9.589,,,,,64.7,,,,0.0,0.0,,,,,0.0,0.0,,674.728,5409584.0,12.043,610.028,90.411,,,,,,0.0,,,,,0.0,,0.0,,,,,0.0,
LAO,Laos,2002,7.443,0.09,,,,,-0.542,-0.065,0.0,0.0,,,,,,90.141,0.0,,,,,0.0,,1.292,235.283,1.01,0.0,0.0,0.34,0.0,3.21,0.0,0.34,0.0,0.0,3.21,0.0,0.0,3.55,0.32,0.863,2180.485,,,,,,61.894,9.577,13872425757.0,0.0,,,,,0.0,,,,90.423,,,,,584.354,,90.423,3.21,584.354,,,,,,-251.485,-2.54,0.0,,,,,0.0,,9.577,,,,,61.894,,,,0.0,0.0,,,,,0.0,0.0,,646.248,5493247.0,11.978,584.354,90.423,,,,,,0.0,,,,,0.0,,0.0,,,,,0.0,
LAO,Laos,2003,9.72,0.126,,,,,-2.5,-0.299,0.0,0.0,,,,,,89.457,0.0,,,,,0.0,,1.418,254.292,1.1,0.0,0.0,0.3,0.0,2.83,0.0,0.3,0.0,0.0,2.83,0.0,0.0,3.13,0.28,0.787,2094.175,,,,,,53.796,9.585,14843718722.0,0.0,,,,,0.0,,,,90.415,,,,,507.474,,90.415,2.83,507.474,,,,,,-184.545,-2.03,0.0,,,,,0.0,,9.585,,,,,53.796,,,,0.0,0.0,,,,,0.0,0.0,,561.27,5576640.0,11.678,507.474,90.415,,,,,,0.0,,,,,0.0,,0.0,,,,,0.0,
LAO,Laos,2004,19.009,0.27,,,,,3.728,0.435,0.0,0.0,,,,,,23.333,0.0,,,,,0.0,,1.688,298.056,0.83,0.0,0.0,0.0,0.0,3.0,0.0,0.0,0.0,0.0,3.0,0.0,0.0,3.0,0.07,0.757,2139.426,,,,,,0.0,0.0,16000771854.0,0.0,,,,,0.0,,,,100.0,,,,,529.829,,100.0,3.0,529.829,,,,,,-261.446,-2.17,0.0,,,,,0.0,,0.0,,,,,0.0,,,,0.0,0.0,,,,,0.0,0.0,,529.829,5662199.0,12.114,529.829,100.0,,,,,,0.0,,,,,0.0,,0.0,,,,,0.0,
LAO,Laos,2005,6.936,0.117,,,,,15.63,1.893,0.0,0.0,,,,,,22.792,0.0,,,,,0.0,,1.805,313.77,1.31,0.0,0.0,0.0,0.0,3.51,0.0,0.0,0.0,0.0,3.51,0.0,0.0,3.51,0.08,0.814,2435.328,,,,,,0.0,0.0,17208610865.0,0.0,,,,,0.0,,,,100.0,,,,,610.257,,100.0,3.51,610.257,,,,,,-167.939,-2.2,0.0,,,,,0.0,,0.0,,,,,0.0,,,,0.0,0.0,,,,,0.0,0.0,,610.257,5751675.0,14.007,610.257,100.0,,,,,,0.0,,,,,0.0,,0.0,,,,,0.0,
LAO,Laos,2006,9.155,0.165,,,,,13.23,1.853,0.0,0.0,,,,,,25.0,0.0,,,,,0.0,,1.97,336.966,1.74,0.0,0.0,0.0,0.0,3.6,0.0,0.0,0.0,0.0,3.6,0.0,0.0,3.6,0.09,0.923,2713.003,,,,,,0.0,0.0,17176979650.0,0.0,,,,,0.0,,,,100.0,,,,,615.798,,100.0,3.6,615.798,,,,,,-106.897,-1.86,0.0,,,,,0.0,,0.0,,,,,0.0,,,,0.0,0.0,,,,,0.0,0.0,,615.798,5846075.0,15.86,615.798,100.0,,,,,,0.0,,,,,0.0,,0.0,,,,,0.0,
LAO,Laos,2007,12.932,0.255,,,,,-1.895,-0.301,0.0,0.0,,,,,,23.739,0.0,,,,,0.0,,2.225,374.212,1.93,0.0,0.0,0.0,0.0,3.37,0.0,0.0,0.0,0.0,3.37,0.0,0.0,3.37,0.08,0.761,2617.326,,,,,,0.0,0.0,20454812343.0,0.0,,,,,0.0,,,,100.0,,,,,566.868,,100.0,3.37,566.868,,,,,,-74.611,-1.44,0.0,,,,,0.0,,0.0,,,,,0.0,,,,0.0,0.0,,,,,0.0,0.0,,566.868,5944950.0,15.56,566.868,100.0,,,,,,0.0,,,,,0.0,,0.0,,,,,0.0,
LAO,Laos,2008,10.364,0.231,,,,,13.305,2.07,0.0,0.0,,,,,,24.194,0.0,,,,,0.0,,2.455,406.051,2.25,0.0,0.0,0.0,0.0,3.72,0.0,0.0,0.0,0.0,3.72,0.0,0.0,3.72,0.09,0.794,2915.684,,,,,,0.0,0.0,22210959936.0,0.0,,,,,0.0,,,,100.0,,,,,615.219,,100.0,3.72,615.219,,,,,,-65.333,-1.47,0.0,,,,,0.0,,0.0,,,,,0.0,,,,0.0,0.0,,,,,0.0,0.0,,615.219,6046630.0,17.63,615.219,100.0,,,,,,0.0,,,,,0.0,,0.0,,,,,0.0,
LAO,Laos,2009,12.692,0.312,,,,,4.967,0.876,0.0,0.0,,,,,,23.739,0.0,,,,,0.0,,2.767,449.998,2.63,0.0,0.0,0.0,0.0,3.37,0.0,0.0,0.0,0.0,3.37,0.0,0.0,3.37,0.08,0.769,3009.751,,,,,,0.0,0.0,24050842432.0,0.0,,,,,0.0,,,,100.0,,,,,548.09,,100.0,3.37,548.09,,,,,,-28.137,-0.74,0.0,,,,,0.0,,0.0,,,,,0.0,,,,0.0,0.0,,,,,0.0,0.0,,548.09,6148621.0,18.506,548.09,100.0,,,,,,0.0,,,,,0.0,,0.0,,,,,0.0,
LAO,Laos,2010,29.103,0.805,,,,,58.06,10.744,0.0,0.0,,,,,,23.923,0.0,,,,,0.0,,3.572,571.614,2.92,0.0,0.0,0.0,0.0,8.36,0.0,0.0,0.0,0.0,8.36,0.0,0.0,8.36,0.2,1.117,4680.659,,,,,,0.0,0.0,26198017590.0,0.0,,,,,0.0,,,,100.0,,,,,1337.778,,100.0,8.36,1337.778,,,,,,-186.301,-5.44,0.0,,,,,0.0,,0.0,,,,,0.0,,,,0.0,0.0,,,,,0.0,0.0,,1337.778,6249168.0,29.25,1337.778,100.0,,,,,,0.0,,,,,0.0,,0.0,,,,,0.0,
LAO,Laos,2011,15.301,0.547,,,,,31.554,9.23,0.0,0.0,,,,,,24.143,0.0,,,,,0.0,,4.119,648.86,3.07,0.0,0.0,0.0,0.0,12.84,0.0,0.0,0.0,0.0,12.84,0.0,0.0,12.84,0.31,1.35,6062.159,,,,,,0.0,0.0,28505277000.0,0.0,,,,,0.0,,,,100.0,,,,,2022.823,,100.0,12.84,2022.823,,,,,,-318.241,-9.77,0.0,,,,,0.0,,0.0,,,,,0.0,,,,0.0,0.0,,,,,0.0,0.0,,2022.823,6347564.0,38.48,2022.823,100.0,,,,,,0.0,,,,,0.0,,0.0,,,,,0.0,
LAO,Laos,2012,11.329,0.467,,,,,4.273,1.644,0.0,0.0,,,,,,23.975,0.0,,,,,0.0,,4.585,711.499,3.9,0.0,0.0,0.0,0.0,12.93,0.0,0.0,0.0,0.0,12.93,0.0,0.0,12.93,0.31,1.305,6226.069,,,,,,0.0,0.0,30756620000.0,0.0,,,,,0.0,,,,100.0,,,,,2006.354,,100.0,12.93,2006.354,,,,,,-231.538,-9.03,0.0,,,,,0.0,,0.0,,,,,0.0,,,,0.0,0.0,,,,,0.0,0.0,,2006.354,6444527.0,40.124,2006.354,100.0,,,,,,0.0,,,,,0.0,,0.0,,,,,0.0,
LAO,Laos,2013,12.074,0.554,,,,,17.903,7.183,0.065,1.529,,,,,,24.089,0.0,,,,,0.0,,5.139,785.608,4.14,0.01,0.0,0.0,0.0,15.35,0.0,0.0,0.0,0.01,15.36,0.0,0.0,15.36,0.37,1.424,7232.09,,,,,,0.0,0.0,33213895000.0,0.0,,,,,0.0,,,,99.935,,,,,2346.628,,100.0,15.36,2348.156,,,,,,-271.014,-11.22,0.0,,,,,0.0,,0.0,,,,,0.0,,,,0.0,1.529,,,,,0.0,0.065,,2348.156,6541302.0,47.307,2348.156,100.0,,,,,,0.0,,,,,0.0,,0.0,,,,,0.0,
LAO,Laos,2014,10.03,0.515,,,,,1.637,0.774,0.066,1.506,,,,,,23.794,0.0,,,,,0.0,,5.654,851.59,4.75,0.01,0.0,0.0,0.0,15.12,0.0,0.0,0.0,0.01,15.13,0.0,0.0,15.13,0.36,1.346,7241.466,,,,,,0.0,0.0,35727804000.0,0.0,,,,,0.0,,,,99.934,,,,,2277.19,,100.0,15.13,2278.696,,,,,,-218.526,-10.38,0.0,,,,,0.0,,0.0,,,,,0.0,,,,0.0,1.506,,,,,0.0,0.066,,2278.696,6639763.0,48.082,2278.696,100.0,,,,,,0.0,,,,,0.0,,0.0,,,,,0.0,
LAO,Laos,2015,258.178,14.598,,,,,46.889,22.545,0.437,10.384,,,,,,127.261,12.851,,,,,305.585,,20.253,3004.324,6.53,0.07,2.06,2.06,0.0,13.9,0.0,0.0,0.0,0.07,13.97,0.0,0.0,16.03,2.04,1.838,10476.904,,,,,,305.585,12.851,38423808000.0,0.0,,,,,0.0,,,,86.712,,,,,2061.96,,87.149,13.97,2072.344,,,,,,-145.482,-9.5,0.0,,,,,0.0,,0.0,,,,,0.0,,,,0.0,10.384,,,,,0.0,0.437,,2377.929,6741160.0,70.626,2072.344,87.149,,,,,,0.0,,,,,0.0,,0.0,,,,,0.0,
LAO,Laos,2016,-0.719,-0.146,,,,,70.094,49.505,0.639,23.372,,,,,,258.593,29.297,,,,,1070.722,,20.107,2937.117,6.23,0.16,7.33,7.33,0.0,17.53,0.0,0.0,0.0,0.16,17.69,0.0,0.0,25.02,6.47,2.921,17548.061,,,,,,1070.722,29.297,41124321000.0,0.0,,,,,0.0,,,,70.064,,,,,2560.676,,70.703,17.69,2584.048,,,,,,-301.605,-18.79,0.0,,,,,0.0,,0.0,,,,,0.0,,,,0.0,23.372,,,,,0.0,0.639,,3654.77,6845848.0,120.131,2584.048,70.703,,,,,,0.0,,,,,0.0,,0.0,,,,,0.0,
LAO,Laos,2017,,,,,,,1.039,1.248,0.695,30.203,,,,,,291.391,33.377,,,,,1449.727,,,,5.8,0.21,10.08,10.08,0.0,19.9,0.0,0.0,0.0,0.21,20.12,0.01,0.0,30.2,8.8,2.762,17457.092,,,,,,1449.727,33.377,43945237592.0,0.0,,,,,0.0,,,,65.894,,,,,2862.061,,66.623,20.12,2893.702,,,,,,-420.69,-24.4,0.0,,,,,0.0,,0.0,,,,,0.0,,,,0.0,30.203,,,,,0.0,0.695,,4343.43,6953031.0,121.38,2893.702,66.623,,,,,,0.033,,,,,1.438,,0.0,,,,,0.0,
LAO,Laos,2018,,,,,,,4.039,4.903,0.687,32.571,,,,,,289.6,33.204,,,,,1573.321,,,,6.55,0.23,11.11,11.11,0.0,22.1,0.0,0.0,0.0,0.23,22.35,0.02,0.0,33.46,9.69,2.706,17883.236,,,,,,1573.321,33.204,46666961449.0,0.0,,,,,0.0,,,,66.049,,,,,3129.648,,66.796,22.35,3165.051,,,,,,-410.84,-26.91,0.0,,,,,0.0,,0.0,,,,,0.0,,,,0.0,32.571,,,,,0.0,0.687,,4738.371,7061498.0,126.282,3165.051,66.796,,,,,,0.06,,,,,2.832,,0.0,,,,,0.0,
LAO,Laos,2019,,,,,,,21.773,27.495,0.73,30.686,,,,,,303.915,35.003,,,,,1471.52,,,,7.37,0.22,10.55,10.55,0.0,19.33,0.0,0.0,0.0,0.22,19.59,0.04,0.0,30.14,9.16,,21448.955,,,,,,1471.52,35.003,,0.0,,,,,0.0,,,,64.134,,,,,2696.16,,64.997,19.59,2732.425,,,,,,-308.955,-22.77,0.0,,,,,0.0,,0.0,,,,,0.0,,,,0.0,30.686,,,,,0.0,0.73,,4203.945,7169456.0,153.777,2732.425,64.997,,,,,,0.133,,,,,5.579,,0.0,,,,,0.0,
LAO,Laos,2020,,,,,,,,,0.734,30.238,,,,,,304.638,35.068,,,,,1444.563,,,,7.2,0.22,10.51,10.51,0.0,19.2,0.0,0.0,0.0,0.22,19.46,0.04,0.0,29.97,9.13,,,,,,,,1444.563,35.068,,0.0,,,,,0.0,,,,64.064,,,,,2638.974,,64.932,19.46,2674.71,,,,,,-316.25,-22.77,0.0,,,,,0.0,,0.0,,,,,0.0,,,,0.0,30.238,,,,,0.0,0.734,,4119.273,7275556.0,,2674.71,64.932,,,,,,0.133,,,,,5.498,,0.0,,,,,0.0,
