iso_code,country,year,coal_prod_change_pct,coal_prod_change_twh,gas_prod_change_pct,gas_prod_change_twh,oil_prod_change_pct,oil_prod_change_twh,energy_cons_change_pct,energy_cons_change_twh,biofuel_share_elec,biofuel_elec_per_capita,biofuel_cons_change_pct,biofuel_share_energy,biofuel_cons_change_twh,biofuel_consumption,biofuel_cons_per_capita,carbon_intensity_elec,coal_share_elec,coal_cons_change_pct,coal_share_energy,coal_cons_change_twh,coal_consumption,coal_elec_per_capita,coal_cons_per_capita,coal_production,coal_prod_per_capita,electricity_demand,biofuel_electricity,coal_electricity,fossil_electricity,gas_electricity,hydro_electricity,nuclear_electricity,oil_electricity,other_renewable_exc_biofuel_electricity,other_renewable_electricity,renewables_electricity,solar_electricity,wind_electricity,electricity_generation,greenhouse_gas_emissions,energy_per_gdp,energy_per_capita,fossil_cons_change_pct,fossil_share_energy,fossil_cons_change_twh,fossil_fuel_consumption,fossil_energy_per_capita,fossil_cons_per_capita,fossil_share_elec,gdp,gas_share_elec,gas_cons_change_pct,gas_share_energy,gas_cons_change_twh,gas_consumption,gas_elec_per_capita,gas_energy_per_capita,gas_production,gas_prod_per_capita,hydro_share_elec,hydro_cons_change_pct,hydro_share_energy,hydro_cons_change_twh,hydro_consumption,hydro_elec_per_capita,hydro_energy_per_capita,low_carbon_share_elec,low_carbon_electricity,low_carbon_elec_per_capita,low_carbon_cons_change_pct,low_carbon_share_energy,low_carbon_cons_change_twh,low_carbon_consumption,low_carbon_energy_per_capita,net_elec_imports_share_demand,net_elec_imports,nuclear_share_elec,nuclear_cons_change_pct,nuclear_share_energy,nuclear_cons_change_twh,nuclear_consumption,nuclear_elec_per_capita,nuclear_energy_per_capita,oil_share_elec,oil_cons_change_pct,oil_share_energy,oil_cons_change_twh,oil_consumption,oil_elec_per_capita,oil_energy_per_capita,oil_production,oil_prod_per_capita,other_renewables_elec_per_capita_exc_biofuel,other_renewables_elec_per_capita,other_renewables_cons_change_pct,other_renewables_share_energy,other_renewables_cons_change_twh,other_renewable_consumption,other_renewables_share_elec_exc_biofuel,other_renewables_share_elec,other_renewables_energy_per_capita,per_capita_electricity,population,primary_energy_consumption,renewables_elec_per_capita,renewables_share_elec,renewables_cons_change_pct,renewables_share_energy,renewables_cons_change_twh,renewables_consumption,renewables_energy_per_capita,solar_share_elec,solar_cons_change_pct,solar_share_energy,solar_cons_change_twh,solar_consumption,solar_elec_per_capita,solar_energy_per_capita,wind_share_elec,wind_cons_change_pct,wind_share_energy,wind_cons_change_twh,wind_consumption,wind_elec_per_capita,wind_energy_per_capita
TJK,Tajikistan,1992,,,,,,,,,,,,,,,,,,,,,,,,2.711,492.644,,,,,,,,,,,,,,,,5.315,15048.228,,,,,,,,15578966821.0,,,,,,,,1.084,197.025,,,,,,,,,,,,,,,,,,,,,,,,,,,,,,,,0.784,142.391,,,,,,,,,,,5502490.0,82.803,,,,,,,,,,,,,,,,,,,,,
TJK,Tajikistan,1993,-9.662,-0.262,-100.0,-1.084,-40.448,-0.317,-7.634,-6.321,,,,,,,,,,,,,,,,2.449,437.819,,,,,,,,,,,,,,,,5.555,13673.761,,,,,,,,13768157612.0,,,,,,,,0.0,0.0,,,,,,,,,,,,,,,,,,,,,,,,,,,,,,,,0.467,83.42,,,,,,,,,,,5593317.0,76.482,,,,,,,,,,,,,,,,,,,,,
TJK,Tajikistan,1994,-70.856,-1.735,,0.359,-26.985,-0.126,-3.044,-2.328,,,,,,,,,,,,,,,,0.714,125.671,,,,,,,,,,,,,,,,6.862,13057.166,,,,,,,,10806555309.0,,,,,,,,0.359,63.271,,,,,,,,,,,,,,,,,,,,,,,,,,,,,,,,0.341,59.988,,,,,,,,,,,5679169.0,74.154,,,,,,,,,,,,,,,,,,,,,
TJK,Tajikistan,1995,-62.385,-0.445,17.949,0.064,18.479,0.063,-17.428,-12.924,,,,,,,,,,,,,,,,0.268,46.568,,,,,,,,,,,,,,,,6.472,10621.405,,,,,,,,9460370089.0,,,,,,,,0.424,73.519,,,,,,,,,,,,,,,,,,,,,,,,,,,,,,,,0.404,70.018,,,,,,,,,,,5764806.0,61.23,,,,,,,,,,,,,,,,,,,,,
TJK,Tajikistan,1996,-51.22,-0.138,-28.261,-0.12,-15.366,-0.062,10.112,6.192,,,,,,,,,,,,,,,,0.131,22.38,,,,,,,,,,,,,,,,7.5,11522.453,,,,,,,,8989076957.0,,,,,,,,0.304,51.962,,,,,,,,,,,,,,,,,,,,,,,,,,,,,,,,0.342,58.383,,,,,,,,,,,5851354.0,67.422,,,,,,,,,,,,,,,,,,,,,
TJK,Tajikistan,1997,-15.0,-0.02,42.687,0.13,5.149,0.018,-4.926,-3.321,,,,,,,,,,,,,,,,0.111,18.744,,,,,,,,,,,,,,,,7.04,10794.251,,,,,,,,9105127936.0,,,,,,,,0.434,73.056,,,,,,,,,,,,,,,,,,,,,,,,,,,,,,,,0.359,60.489,,,,,,,,,,,5938404.0,64.101,,,,,,,,,,,,,,,,,,,,,
TJK,Tajikistan,1998,11.765,0.013,50.0,0.217,-17.526,-0.063,3.234,2.073,,,,,,,,,,,,,,,,0.124,20.64,,,,,,,,,,,,,,,,6.959,10978.795,,,,,,,,9509147510.0,,,,,,,,0.651,107.966,,,,,,,,,,,,,,,,,,,,,,,,,,,,,,,,0.296,49.151,,,,,,,,,,,6027395.0,66.174,,,,,,,,,,,,,,,,,,,,,
TJK,Tajikistan,1999,0.0,0.0,0.0,0.0,0.0,0.0,12.931,8.557,,,,,,,,,,,,,,,,0.124,20.329,,,,,,,,,,,,,,,,7.543,12211.531,,,,,,,,9907040677.0,,,,,,,,0.651,106.338,,,,,,,,,,,,,,,,,,,,,,,,,,,,,,,,0.296,48.41,,,,,,,,,,,6119664.0,74.73,,,,,,,,,,,,,,,,,,,,,
TJK,Tajikistan,2000,15.79,0.02,-33.333,-0.217,-18.99,-0.056,-21.304,-15.921,0.0,0.0,,,,,,32.904,0.0,,,,,0.0,,0.144,23.173,15.43,0.0,0.0,0.21,0.08,13.77,0.0,0.13,0.0,0.0,13.77,0.0,0.0,13.98,0.46,5.478,9460.519,,,,,,33.782,1.502,10735309488.0,0.572,,,,,12.869,,0.434,69.79,98.498,,,,,2215.134,,98.498,13.77,2215.134,,,,,,9.397,1.45,0.0,,,,,0.0,,0.93,,,,,20.913,,0.24,38.607,0.0,0.0,,,,,0.0,0.0,,2248.916,6216329.0,58.81,2215.134,98.498,,,,,,0.0,,,,,0.0,,0.0,,,,,0.0,
TJK,Tajikistan,2001,9.091,0.013,25.0,0.108,-14.484,-0.035,4.675,2.749,0.0,0.0,,,,,,30.942,0.0,,,,,0.0,,0.157,24.871,15.42,0.0,0.0,0.16,0.06,14.06,0.0,0.1,0.0,0.0,14.06,0.0,0.0,14.22,0.44,5.262,9742.644,,,,,,25.322,1.125,11697939352.0,0.422,,,,,9.496,,0.542,85.826,98.875,,,,,2225.208,,98.875,14.06,2225.208,,,,,,7.782,1.2,0.0,,,,,0.0,,0.703,,,,,15.827,,0.205,32.481,0.0,0.0,,,,,0.0,0.0,,2250.531,6318510.0,61.559,2225.208,98.875,,,,,,0.0,,,,,0.0,,0.0,,,,,0.0,
TJK,Tajikistan,2002,50.0,0.079,-60.0,-0.325,-5.215,-0.011,2.885,1.776,0.0,0.0,,,,,,29.062,0.0,,,,,0.0,,0.236,36.677,16.47,0.0,0.0,0.13,0.05,15.01,0.0,0.08,0.0,0.0,15.01,0.0,0.0,15.14,0.44,4.951,9854.71,,,,,,20.228,0.859,12792779403.0,0.33,,,,,7.78,,0.217,33.752,99.141,,,,,2335.51,,99.141,15.01,2335.51,,,,,,8.075,1.33,0.0,,,,,0.0,,0.528,,,,,12.448,,0.195,30.268,0.0,0.0,,,,,0.0,0.0,,2355.738,6426861.0,63.335,2335.51,99.141,,,,,,0.0,,,,,0.0,,0.0,,,,,0.0,
TJK,Tajikistan,2003,30.556,0.072,100.0,0.217,13.916,0.027,5.168,3.273,0.0,0.0,,,,,,30.006,0.0,,,,,0.0,,0.308,47.045,16.34,0.0,0.0,0.16,0.06,16.17,0.0,0.1,0.0,0.0,16.17,0.0,0.0,16.33,0.49,4.748,10182.328,,,,,,24.459,0.98,14027435028.0,0.367,,,,,9.172,,0.434,66.32,99.02,,,,,2471.891,,99.02,16.17,2471.891,,,,,,0.061,0.01,0.0,,,,,0.0,,0.612,,,,,15.287,,0.222,33.876,0.0,0.0,,,,,0.0,0.0,,2496.35,6541550.0,66.608,2471.891,99.02,,,,,,0.0,,,,,0.0,,0.0,,,,,0.0,
TJK,Tajikistan,2004,97.872,0.301,-2.5,-0.011,-28.783,-0.064,1.853,1.234,0.0,0.0,,,,,,28.799,0.0,,,,,0.0,,0.609,91.4,16.68,0.0,0.0,0.14,0.05,16.18,0.0,0.09,0.0,0.0,16.18,0.0,0.0,16.32,0.47,4.408,10182.852,,,,,,21.013,0.858,15391065864.0,0.306,,,,,7.505,,0.423,63.489,99.142,,,,,2428.558,,99.142,16.18,2428.558,,,,,,2.158,0.36,0.0,,,,,0.0,,0.551,,,,,13.509,,0.158,23.688,0.0,0.0,,,,,0.0,0.0,,2449.571,6662391.0,67.842,2428.558,99.142,,,,,,0.0,,,,,0.0,,0.0,,,,,0.0,
TJK,Tajikistan,2005,6.452,0.039,5.128,0.022,11.421,0.018,2.236,1.517,0.0,0.0,,,,,,28.352,0.0,,,,,0.0,,0.648,95.478,17.18,0.0,0.0,0.13,0.05,16.8,0.0,0.08,0.0,0.0,16.8,0.0,0.0,16.93,0.48,4.211,10215.908,,,,,,19.148,0.768,16469403209.0,0.295,,,,,7.365,,0.445,65.497,99.232,,,,,2474.475,,99.232,16.8,2474.475,,,,,,1.455,0.25,0.0,,,,,0.0,,0.473,,,,,11.783,,0.176,25.9,0.0,0.0,,,,,0.0,0.0,,2493.623,6789318.0,69.359,2474.475,99.232,,,,,,0.0,,,,,0.0,,0.0,,,,,0.0,
TJK,Tajikistan,2006,6.061,0.039,-12.195,-0.054,7.406,0.013,-2.19,-1.519,0.0,0.0,,,,,,32.797,0.0,,,,,0.0,,0.688,99.315,17.38,0.0,0.0,0.24,0.09,16.53,0.0,0.15,0.0,0.0,16.53,0.0,0.0,16.77,0.55,3.87,9799.844,,,,,,34.669,1.431,17531570775.0,0.537,,,,,13.001,,0.39,56.402,98.569,,,,,2387.835,,98.569,16.53,2387.835,,,,,,3.51,0.61,0.0,,,,,0.0,,0.894,,,,,21.668,,0.189,27.282,0.0,0.0,,,,,0.0,0.0,,2422.504,6922590.0,67.84,2387.835,98.569,,,,,,0.0,,,,,0.0,,0.0,,,,,0.0,
TJK,Tajikistan,2007,72.381,0.498,-44.444,-0.174,-7.231,-0.014,-5.699,-3.866,0.0,0.0,,,,,,37.529,0.0,,,,,0.0,,1.185,167.804,17.42,0.0,0.0,0.38,0.14,16.94,0.0,0.24,0.0,0.0,16.94,0.0,0.0,17.32,0.65,3.415,9058.07,,,,,,53.804,2.194,18732053556.0,0.808,,,,,19.823,,0.217,30.713,97.806,,,,,2398.527,,97.806,16.94,2398.527,,,,,,0.574,0.1,0.0,,,,,0.0,,1.386,,,,,33.981,,0.175,24.808,0.0,0.0,,,,,0.0,0.0,,2452.331,7062667.0,63.974,2398.527,97.806,,,,,,0.0,,,,,0.0,,0.0,,,,,0.0,
TJK,Tajikistan,2008,9.945,0.118,50.0,0.108,-15.242,-0.027,-3.617,-2.314,0.0,0.0,,,,,,35.903,0.0,,,,,0.0,,1.303,180.723,17.87,0.0,0.0,0.35,0.13,16.64,0.0,0.22,0.0,0.0,16.64,0.0,0.0,16.99,0.61,3.052,8552.128,,,,,,48.544,2.06,20204808733.0,0.765,,,,,18.031,,0.325,45.129,97.94,,,,,2307.93,,97.94,16.64,2307.93,,,,,,4.924,0.88,0.0,,,,,0.0,,1.295,,,,,30.513,,0.149,20.597,0.0,0.0,,,,,0.0,0.0,,2356.474,7209924.0,61.66,2307.93,97.94,,,,,,0.0,,,,,0.0,,0.0,,,,,0.0,
TJK,Tajikistan,2009,1.508,0.02,26.667,0.087,-7.585,-0.011,-10.228,-6.307,0.0,0.0,,,,,,32.581,0.0,,,,,0.0,,1.323,179.591,16.02,0.0,0.0,0.22,0.08,15.74,0.0,0.14,0.0,0.0,15.74,0.0,0.0,15.96,0.52,2.639,7516.005,,,,,,29.872,1.378,20972315708.0,0.501,,,,,10.863,,0.412,55.962,98.622,,,,,2137.207,,98.622,15.74,2137.207,,,,,,0.375,0.06,0.0,,,,,0.0,,0.877,,,,,19.009,,0.137,18.634,0.0,0.0,,,,,0.0,0.0,,2167.079,7364752.0,55.354,2137.207,98.622,,,,,,0.0,,,,,0.0,,0.0,,,,,0.0,
TJK,Tajikistan,2010,-0.99,-0.013,7.895,0.033,-1.374,-0.002,3.33,1.843,0.0,0.0,,,,,,24.585,0.0,,,,,0.0,,1.31,173.971,16.42,0.0,0.0,0.03,0.01,16.24,0.0,0.02,0.0,0.0,16.24,0.0,0.0,16.27,0.4,2.567,7598.502,,,,,,3.985,0.184,22280811837.0,0.061,,,,,1.328,,0.445,59.075,99.816,,,,,2157.452,,99.816,16.24,2157.452,,,,,,0.914,0.15,0.0,,,,,0.0,,0.123,,,,,2.657,,0.135,17.981,0.0,0.0,,,,,0.0,0.0,,2161.438,7527397.0,57.197,2157.452,99.816,,,,,,0.0,,,,,0.0,,0.0,,,,,0.0,
TJK,Tajikistan,2011,18.0,0.236,-53.659,-0.239,0.0,0.0,-1.242,-0.71,0.0,0.0,,,,,,24.269,0.0,,,,,0.0,,1.545,200.749,16.04,0.0,0.0,0.03,0.01,16.04,0.0,0.02,0.0,0.0,16.04,0.0,0.0,16.07,0.39,2.381,7338.304,,,,,,3.897,0.187,23726720528.0,0.062,,,,,1.299,,0.206,26.771,99.813,,,,,2083.792,,99.813,16.04,2083.792,,,,,,-0.187,-0.03,0.0,,,,,0.0,,0.124,,,,,2.598,,0.135,17.584,0.0,0.0,,,,,0.0,0.0,,2087.689,7697507.0,56.487,2083.792,99.813,,,,,,0.0,,,,,0.0,,0.0,,,,,0.0,
TJK,Tajikistan,2012,74.576,1.152,-21.053,-0.043,-0.311,-0.0,5.652,3.193,0.0,0.0,,,,,,26.19,0.0,,,,,0.0,,2.698,342.569,16.14,0.0,0.0,0.07,0.03,16.73,0.0,0.04,0.0,0.0,16.73,0.0,0.0,16.8,0.44,2.339,7578.462,,,,,,8.889,0.417,25517532939.0,0.179,,,,,3.81,,0.163,20.659,99.583,,,,,2124.488,,99.583,16.73,2124.488,,,,,,-4.089,-0.66,0.0,,,,,0.0,,0.238,,,,,5.079,,0.135,17.135,0.0,0.0,,,,,0.0,0.0,,2133.377,7874838.0,59.679,2124.488,99.583,,,,,,0.0,,,,,0.0,,0.0,,,,,0.0,
TJK,Tajikistan,2013,25.243,0.681,-13.333,-0.022,-3.887,-0.005,3.605,2.152,0.0,0.0,,,,,,25.959,0.0,,,,,0.0,,3.379,419.197,16.01,0.0,0.0,0.05,0.02,16.9,0.0,0.03,0.0,0.0,16.9,0.0,0.0,16.95,0.44,2.252,7671.521,,,,,,6.204,0.295,27454018209.0,0.118,,,,,2.481,,0.141,17.494,99.705,,,,,2096.831,,99.705,16.9,2096.831,,,,,,-5.871,-0.94,0.0,,,,,0.0,,0.177,,,,,3.722,,0.13,16.091,0.0,0.0,,,,,0.0,0.0,,2103.035,8059782.0,61.831,2096.831,99.705,,,,,,0.0,,,,,0.0,,0.0,,,,,0.0,
TJK,Tajikistan,2014,70.288,2.375,-7.692,-0.011,0.0,0.0,2.156,1.333,0.0,0.0,,,,,,29.393,0.063,,,,,1.212,,5.753,697.143,14.7,0.0,0.01,0.15,0.05,15.84,0.0,0.09,0.0,0.0,15.84,0.0,0.0,15.99,0.47,2.159,7653.594,,,,,,18.176,0.938,29249295595.0,0.313,,,,,6.059,,0.13,15.77,99.062,,,,,1919.342,,99.062,15.84,1919.342,,,,,,-8.776,-1.29,0.0,,,,,0.0,,0.563,,,,,10.905,,0.13,15.714,0.0,0.0,,,,,0.0,0.0,,1937.518,8252828.0,63.164,1919.342,99.062,,,,,,0.0,,,,,0.0,,0.0,,,,,0.0,
TJK,Tajikistan,2015,19.076,1.098,66.667,0.087,-11.837,-0.015,0.131,0.082,0.0,0.0,,,,,,28.857,0.059,,,,,1.183,,6.851,810.378,15.64,0.0,0.01,0.15,0.05,16.83,0.0,0.09,0.0,0.0,16.83,0.0,0.0,16.98,0.49,2.038,7481.205,,,,,,17.743,0.883,31037368422.0,0.294,,,,,5.914,,0.217,25.658,99.117,,,,,1990.769,,99.117,16.83,1990.769,,,,,,-8.568,-1.34,0.0,,,,,0.0,,0.53,,,,,10.646,,0.114,13.524,0.0,0.0,,,,,0.0,0.0,,2008.512,8454019.0,63.246,1990.769,99.117,,,,,,0.0,,,,,0.0,,0.0,,,,,0.0,
TJK,Tajikistan,2016,31.477,2.156,-5.022,-0.011,-0.619,-0.001,2.942,1.861,0.0,0.0,,,,,,45.802,0.94,,,,,18.468,,9.007,1039.692,15.7,0.0,0.16,0.56,0.15,16.47,0.0,0.25,0.0,0.0,16.47,0.0,0.0,17.03,0.78,1.958,7515.026,,,,,,64.638,3.288,33246705493.0,0.881,,,,,17.314,,0.206,23.78,96.712,,,,,1901.063,,96.712,16.47,1901.063,,,,,,-8.471,-1.33,0.0,,,,,0.0,,1.468,,,,,28.856,,0.114,13.116,0.0,0.0,,,,,0.0,0.0,,1965.701,8663575.0,65.107,1901.063,96.712,,,,,,0.0,,,,,0.0,,0.0,,,,,0.0,
TJK,Tajikistan,2017,,,,,,,3.489,2.272,0.0,0.0,,,,,,58.133,1.509,,,,,30.404,,,,16.58,0.0,0.27,0.93,0.25,16.96,0.0,0.41,0.0,0.0,16.96,0.0,0.0,17.89,1.04,1.892,7587.469,,,,,,104.727,5.198,35607221865.0,1.397,,,,,28.152,,,,94.802,,,,,1909.852,,94.802,16.96,1909.852,,,,,,-7.901,-1.31,0.0,,,,,0.0,,2.292,,,,,46.17,,,,0.0,0.0,,,,,0.0,0.0,,2014.578,8880270.0,67.379,1909.852,94.802,,,,,,0.0,,,,,0.0,,0.0,,,,,0.0,
TJK,Tajikistan,2018,,,,,,,5.809,3.914,0.0,0.0,,,,,,66.735,1.899,,,,,40.656,,,,17.09,0.0,0.37,1.27,0.34,18.21,0.0,0.56,0.0,0.0,18.21,0.0,0.0,19.48,1.3,1.866,7833.664,,,,,,139.547,6.52,38206549012.0,1.745,,,,,37.359,,,,93.48,,,,,2000.913,,93.48,18.21,2000.913,,,,,,-13.985,-2.39,0.0,,,,,0.0,,2.875,,,,,61.533,,,,0.0,0.0,,,,,0.0,0.0,,2140.46,9100847.0,71.293,2000.913,93.48,,,,,,0.0,,,,,0.0,,0.0,,,,,0.0,
TJK,Tajikistan,2019,,,,,,,5.923,4.223,0.0,0.0,,,,,,70.098,2.01,,,,,43.987,,,,17.51,0.0,0.41,1.42,0.38,18.98,0.0,0.63,0.0,0.0,18.98,0.0,0.0,20.4,1.43,,8101.675,,,,,,152.344,6.961,,1.863,,,,,40.768,,,,93.039,,,,,2036.257,,93.039,18.98,2036.257,,,,,,-16.505,-2.89,0.0,,,,,0.0,,3.088,,,,,67.589,,,,0.0,0.0,,,,,0.0,0.0,,2188.601,9321023.0,75.516,2036.257,93.039,,,,,,0.0,,,,,0.0,,0.0,,,,,0.0,
TJK,Tajikistan,2020,,,,,,,,,0.0,0.0,,,,,,73.489,2.232,,,,,42.988,,,,15.48,0.0,0.41,1.37,0.35,17.0,0.0,0.61,0.0,0.0,17.0,0.0,0.0,18.37,1.35,,,,,,,,143.641,7.458,,1.905,,,,,36.697,,,,92.542,,,,,1782.411,,92.542,17.0,1782.411,,,,,,-18.669,-2.89,0.0,,,,,0.0,,3.321,,,,,63.957,,,,0.0,0.0,,,,,0.0,0.0,,1926.053,9537642.0,,1782.411,92.542,,,,,,0.0,,,,,0.0,,0.0,,,,,0.0,
TJK,Tajikistan,2021,,,,,,,,,0.0,0.0,,,,,,72.823,2.216,,,,,43.079,,,,16.06,0.0,0.42,1.42,0.38,17.53,0.0,0.62,0.0,0.0,17.53,0.0,0.0,18.95,1.38,,,,,,,,145.647,7.493,,2.005,,,,,38.976,,,,92.507,,,,,1798.018,,92.507,17.53,1798.018,,,,,,-17.995,-2.89,0.0,,,,,0.0,,3.272,,,,,63.592,,,,0.0,0.0,,,,,0.0,0.0,,1943.664,9749625.0,,1798.018,92.507,,,,,,0.0,,,,,0.0,,0.0,,,,,0.0,
